9 8 1217567877
1 1 1217573801
13 1 1217606247
17 1 1217617639
48 2 1217618182
17 1 1217618239
19 9 1217618357
13 23 1217618560
13 11 1217618799
23 23 1217619360
35 33 1217620542
39 33 1217620597
43 22 1217620971
17 32 1217621272
39 40 1217621416
37 40 1217621670
45 45 1217621917
17 17 1217622124
49 13 1217623079
13 23 1217623216
50 37 1217623475
40 37 1217623560
55 8 1217623986
51 32 1217624788
60 2 1217625055
39 8 1217625808
59 59 1217625982
61 58 1217627137
25 61 1217627213
40 59 1217627573
2089740 61 1217627627
25 61 1217627708
59 59 1217627895
72 9 1217628719
61 39 1217629165
36 39 1217629413
146270 72 1217629643
34 39 1217629692
60 72 1217629931
17 72 1217629962
58 72 1217630083
26 26 1217632187
35 58 1217632427
26 58 1217632744
59 78 1217633503
72 48 1217633802
72 58 1217634210
71 48 1217634474
42 58 1217635015
86 58 1217635287
146637 37 1217636623
71 30 1217636664
80 87 1217636904
44 87 1217637056
146637 30 1217637238
59 30 1217637724
146637 59 1217637906
9 72 1217638074
70 30 1217638315
42 39 1217638366
17 48 1217638448
33 39 1217638634
17 83 1217639296
30 91 1217639333
93 58 1217640239
59 83 1217640270
86 78 1217641872
55 78 1217643717
80 83 1217644105
71 60 1217644489
50 2089740 1217644606
35 71 1217645534
50 91 1217645925
39 91 1217646128
96 91 1217646312
91 1 1217652372
71 62 1217653950
91 62 1217654301
48 91 1217654405
34 91 1217654557
71 91 1217655096
55 146637 1217657456
55 91 1217657873
34 105 1217659228
101 105 1217659445
91 91 1217659797
40 146637 1217660315
55 146637 1217660613
40 146637 1217661659
106 96 1217662955
109 109 1217663018
91 109 1217663268
40 91 1217664641
49 109 1217664942
91 71 1217666294
49 91 1217666986
55 106 1217667411
59 59 1217670222
58 59 1217670907
59 63 1217671224
50 59 1217672179
61 111 1217673813
59 61 1217674161
59 111 1217674894
100 91 1217675895
50 61 1217676714
5 32 1217679622
116 61 1217681517
116 106 1217682304
115 9 1217682410
119 91 1217682983
109 106 1217683413
80 115 1217688487
117 106 1217688536
122 115 1217688967
116 61 1217689702
115 146637 1217689705
124 49 1217691124
122 122 1217692728
118 115 1217695254
134 134 1217695860
91 134 1217695956
136 49 1217697714
135 25 1217697761
137 91 1217700355
137 40 1217701497
123 72 1217701847
136 91 1217705292
17 49 1217709957
144 2 1217714233
147 111 1217715663
49 71 1217716393
147 136 1217718642
50 147 1217721413
143 77 1217722692
150 83 1217723634
153 147 1217724148
136 151 1217724634
154 83 1217724890
156 61 1217725026
154 111 1217725450
86 2089740 1217726167
86 104 1217726481
157 13 1217726572
86 105 1217727034
161 147 1217728147
156 61 1217728170
156 154 1217728616
157 2089740 1217729032
154 78 1217729198
157 154 1217729200
156 134 1217732586
136 136 1217734845
154 25 1217739345
58 25 1217739908
163 49 1217743253
39 25 1217745430
149 91 1217745604
34 91 1217746269
116 157 1217747099
116 91 1217748123
111 91 1217749023
116 116 1217751456
76 91 1217752682
175 49 1217752796
175 83 1217753398
175 136 1217753629
156 61 1217755805
13 25 1217755970
173 172 1217758050
183 151 1217766140
154 184 1217768615
122 136 1217773734
33 172 1217775037
188 111 1217777697
91 143 1217788898
197 154 1217790558
197 191 1217791595
197 104 1217792076
117 115 1217792916
199 146637 1217793684
51 40 1217794341
200 59 1217794488
51 191 1217794945
34 115 1217796505
209 49 1217797021
206 32 1217797164
30 91 1217798840
111 199 1217799050
200 204 1217799549
46 91 1217800132
51 91 1217800638
91 111 1217800664
34 111 1217800760
27 111 1217801240
216 136 1217802112
205 192 1217802278
145 199 1217803642
173 91 1217803723
154 199 1217804359
192 192 1217804757
58 192 1217805163
199 199 1217805209
219 192 1217805907
192 192 1217806282
142 192 1217806431
34 192 1217806534
214 214 1217809891
51 214 1217810263
214 96 1217811990
175 214 1217812734
175 192 1217812967
157 79 1217813233
150 1384652 1217813547
229 79 1217813844
189 207 1217814009
175 143 1217814393
175 184 1217814737
157 157 1217815560
227 192 1217815858
227 9 1217817055
230 111 1217817408
1384652 1384652 1217819225
234 9 1217821233
233 233 1217821527
91 233 1217821727
234 233 1217823453
200 101 1217823896
204 204 1217824274
224 224 1217824277
60 186 1217824300
101 101 1217824585
93 238 1217825504
204 238 1217825730
34 93 1217826772
91 93 1217826895
233 233 1217828046
150 203 1217828666
91 203 1217828744
34 203 1217828862
34 58 1217829131
58 58 1217829137
159 101 1217829975
91 58 1217830016
153 203 1217830103
91 131 1217830848
200 131 1217831319
234 131 1217831533
234 203 1217831885
200 232 1217832767
243 60 1217833014
34 58 1217833066
137 58 1217833505
122 200 1217834580
243 60 1217834635
136 203 1217834655
55 34 1217834711
200 34 1217834728
91 200 1217835314
116 61 1217836312
91 246 1217837000
246 246 1217837223
244 78 1217837227
243 245 1217837234
206 204 1217837586
91 246 1217837697
206 60 1217838558
49 245 1217838691
101 91 1217841299
116 186 1217842209
200 145 1217842273
122 145 1217842600
1 233 1217843107
233 233 1217843655
55 85 1217846371
13 85 1217847892
1 233 1217849462
93 245 1217850305
231 91 1217850312
77 243 1217850520
234 234 1217850644
116 87 1217852519
46 231 1217853885
55 254 1217854793
227 254 1217854912
227 2 1217855416
234 254 1217855531
234 254 1217855682
13 13 1217856138
234 87 1217856382
55 13 1217856543
3 2 1217857180
116 85 1217857952
231 231 1217859177
257 104 1217861138
122 257 1217861331
1 67 1217862281
214 214 1217862896